IESNA:LM-63-2002
[TEST] 2025077201
[TESTLAB] EVERFINE
[TESTDATE] 29 July. 2025
[ISSUEDATE] 2025-07-29 00:28:00
[NEARFIELD] 
[LAMPPOSITION] 0,0
[OTHER] EVERFINE GO-SPEX500_V1 SYSTEM
[MANUFAC] GET TECHNOLOGIES PVT LTD
[LUMCAT] LED STREET LIGHT
[LUMINAIRE] GETGLOW-2
[LAMP] LED
[OTHER] 
[OTHER] Gamma(deg)    Fz(lm)      Ft(lm)     %Lum    %Lamp
[OTHER]   0- 10       922.48      922.48     2.84     2.83
[OTHER]  10- 20      2731.70     3654.18    11.25    11.21
[OTHER]  20- 30      4433.89     8088.07    24.90    24.81
[OTHER]  30- 40      5832.19    13920.25    42.86    42.71
[OTHER]  40- 50      6677.43    20597.69    63.42    63.19
[OTHER]  50- 60      6386.47    26984.16    83.08    82.78
[OTHER]  60- 70      4246.66    31230.83    96.16    95.81
[OTHER]  70- 80      1032.37    32263.20    99.34    98.98
[OTHER]  80- 90        99.73    32362.93    99.64    99.29
[OTHER]  90-100         6.86    32369.78    99.67    99.31
[OTHER] 100-110        14.04    32383.82    99.71    99.35
[OTHER] 110-120        19.90    32403.73    99.77    99.41
[OTHER] 120-130        21.27    32425.00    99.84    99.48
[OTHER] 130-140        19.77    32444.77    99.90    99.54
[OTHER] 140-150        15.30    32460.07    99.94    99.58
[OTHER] 150-160        10.19    32470.26    99.97    99.62
[OTHER] 160-170         5.94    32476.21    99.99    99.63
[OTHER] 170-180         2.33    32478.54   100.00    99.64
[OTHER] 
TILT=NONE
1 32596 1 361 5 1 2 0.000 0.000 0.000
1.000 1 184.5
0.0    0.5    1.0    1.5    2.0    2.5    3.0    3.5    4.0    4.5    
 5.0    5.5    6.0    6.5    7.0    7.5    8.0    8.5    9.0    9.5    
 10.0   10.5   11.0   11.5   12.0   12.5   13.0   13.5   14.0   14.5   
 15.0   15.5   16.0   16.5   17.0   17.5   18.0   18.5   19.0   19.5   
 20.0   20.5   21.0   21.5   22.0   22.5   23.0   23.5   24.0   24.5   
 25.0   25.5   26.0   26.5   27.0   27.5   28.0   28.5   29.0   29.5   
 30.0   30.5   31.0   31.5   32.0   32.5   33.0   33.5   34.0   34.5   
 35.0   35.5   36.0   36.5   37.0   37.5   38.0   38.5   39.0   39.5   
 40.0   40.5   41.0   41.5   42.0   42.5   43.0   43.5   44.0   44.5   
 45.0   45.5   46.0   46.5   47.0   47.5   48.0   48.5   49.0   49.5   
 50.0   50.5   51.0   51.5   52.0   52.5   53.0   53.5   54.0   54.5   
 55.0   55.5   56.0   56.5   57.0   57.5   58.0   58.5   59.0   59.5   
 60.0   60.5   61.0   61.5   62.0   62.5   63.0   63.5   64.0   64.5   
 65.0   65.5   66.0   66.5   67.0   67.5   68.0   68.5   69.0   69.5   
 70.0   70.5   71.0   71.5   72.0   72.5   73.0   73.5   74.0   74.5   
 75.0   75.5   76.0   76.5   77.0   77.5   78.0   78.5   79.0   79.5   
 80.0   80.5   81.0   81.5   82.0   82.5   83.0   83.5   84.0   84.5   
 85.0   85.5   86.0   86.5   87.0   87.5   88.0   88.5   89.0   89.5   
 90.0   90.5   91.0   91.5   92.0   92.5   93.0   93.5   94.0   94.5   
 95.0   95.5   96.0   96.5   97.0   97.5   98.0   98.5   99.0   99.5   
 100.0  100.5  101.0  101.5  102.0  102.5  103.0  103.5  104.0  104.5  
 105.0  105.5  106.0  106.5  107.0  107.5  108.0  108.5  109.0  109.5  
 110.0  110.5  111.0  111.5  112.0  112.5  113.0  113.5  114.0  114.5  
 115.0  115.5  116.0  116.5  117.0  117.5  118.0  118.5  119.0  119.5  
 120.0  120.5  121.0  121.5  122.0  122.5  123.0  123.5  124.0  124.5  
 125.0  125.5  126.0  126.5  127.0  127.5  128.0  128.5  129.0  129.5  
 130.0  130.5  131.0  131.5  132.0  132.5  133.0  133.5  134.0  134.5  
 135.0  135.5  136.0  136.5  137.0  137.5  138.0  138.5  139.0  139.5  
 140.0  140.5  141.0  141.5  142.0  142.5  143.0  143.5  144.0  144.5  
 145.0  145.5  146.0  146.5  147.0  147.5  148.0  148.5  149.0  149.5  
 150.0  150.5  151.0  151.5  152.0  152.5  153.0  153.5  154.0  154.5  
 155.0  155.5  156.0  156.5  157.0  157.5  158.0  158.5  159.0  159.5  
 160.0  160.5  161.0  161.5  162.0  162.5  163.0  163.5  164.0  164.5  
 165.0  165.5  166.0  166.5  167.0  167.5  168.0  168.5  169.0  169.5  
 170.0  170.5  171.0  171.5  172.0  172.5  173.0  173.5  174.0  174.5  
 175.0  175.5  176.0  176.5  177.0  177.5  178.0  178.5  179.0  179.5  
 180.0  
0.0    90.0   180.0  270.0  360.0  
9752.40  9752.11  9751.04  9750.56  9751.33  9753.91  9756.22  9757.40  9760.67  9763.24  
 9768.00  9774.72  9780.83  9787.04  9795.05  9802.74  9810.66  9821.29  9831.53  9842.31  
 9853.26  9863.08  9875.22  9887.26  9900.29  9914.26  9928.73  9942.79  9959.41  9977.38  
 9994.50  10013.30 10031.16 10051.29 10071.11 10092.14 10114.53 10137.13 10159.35 10182.26 
 10205.26 10230.59 10254.69 10280.23 10303.92 10330.81 10356.15 10382.79 10408.65 10435.45 
 10463.28 10491.99 10519.86 10548.64 10577.60 10607.65 10637.34 10670.70 10700.59 10729.35 
 10760.57 10793.84 10825.73 10858.97 10890.79 10921.53 10953.23 10986.58 11017.30 11050.31 
 11082.36 11112.95 11143.52 11175.28 11205.55 11235.23 11264.39 11291.77 11319.63 11347.18 
 11372.70 11398.20 11422.60 11445.17 11469.42 11490.44 11509.72 11528.11 11545.34 11560.65 
 11576.76 11591.29 11603.10 11616.33 11630.33 11642.55 11654.79 11666.33 11675.90 11681.35 
 11684.50 11679.33 11651.68 11550.99 11408.46 11259.21 11151.77 11117.93 11093.71 11061.53 
 11021.71 10974.85 10920.47 10829.28 10641.54 10410.61 10186.57 10042.22 9930.05  9801.05  
 9659.94  9483.61  9228.07  8897.35  8553.80  8280.66  8022.45  7747.99  7443.16  7005.06  
 6506.11  6124.53  5780.90  5425.51  4987.88  4475.19  4090.73  3751.44  3394.80  2918.69  
 2567.43  2299.16  2030.88  1762.61  1494.33  1230.04  1032.34  894.91   751.71   650.47   
 551.05   483.88   419.50   367.24   325.52   288.40   255.35   233.24   211.14   189.04   
 166.94   145.03   129.70   115.68   102.35   90.32    78.81    67.37    56.16    45.80    
 38.69    31.58    24.47    17.35    10.37    8.18     6.01     5.38     5.73     6.11     
 6.54     7.00     7.47     7.93     8.40     8.87     9.39     9.94     10.55    11.16    
 11.82    12.48    13.20    13.90    14.64    15.41    16.20    16.99    17.83    18.66    
 19.53    20.37    21.26    22.13    22.99    23.84    24.69    25.50    26.31    27.08    
 27.80    28.52    29.18    29.82    30.43    30.98    31.51    31.99    32.44    32.85    
 33.23    33.59    33.93    34.25    34.55    34.80    35.01    35.20    35.38    35.56    
 35.74    35.91    36.07    36.22    36.35    36.47    36.59    36.71    36.84    36.96    
 37.06    37.16    37.25    37.34    37.43    37.52    37.61    37.69    37.76    37.81    
 37.87    37.93    37.99    38.02    38.06    38.08    38.07    38.06    38.02    37.97    
 37.92    37.84    37.75    37.65    37.51    37.37    37.20    37.00    36.82    36.62    
 36.42    36.19    35.95    35.71    35.45    35.19    34.93    34.64    34.32    34.00    
 33.66    33.33    33.00    32.66    32.33    32.01    31.70    31.39    31.05    30.74    
 30.40    30.07    29.74    29.41    29.09    28.77    28.45    28.15    27.85    27.56    
 27.27    26.98    26.71    26.44    26.16    25.90    25.68    25.46    25.24    25.04    
 24.86    24.67    24.47    24.26    24.06    23.87    23.68    23.50    23.33    23.14    
 22.95    22.81    22.67    22.55    22.44    22.32    22.20    22.09    22.00    21.92    
 21.84    21.82    21.86    21.97    22.11    22.25    22.38    22.58    22.80    23.06    
 23.35    23.65    24.01    24.38    24.72    25.02    25.33    25.63    25.89    26.09    
 26.26    26.34    26.42    26.52    26.55    26.51    26.50    26.36    26.13    25.98    
 25.85    
9617.55  9673.72  9729.19  9781.43  9834.98  9884.58  9932.42  9979.02  10025.81 10069.06 
 10111.35 10150.52 10189.80 10227.51 10265.23 10298.12 10332.14 10363.63 10392.86 10420.48 
 10448.20 10471.37 10495.18 10516.95 10537.02 10555.75 10574.90 10591.14 10606.21 10620.81 
 10632.47 10642.89 10650.86 10657.36 10663.65 10668.75 10669.84 10670.57 10667.80 10664.71 
 10657.51 10650.21 10640.75 10628.06 10613.41 10596.32 10576.90 10556.61 10532.17 10507.54 
 10479.76 10449.70 10416.18 10382.09 10345.75 10306.35 10262.40 10215.58 10167.22 10116.56 
 10063.00 10008.13 9947.85  9885.79  9820.97  9753.70  9683.01  9611.18  9538.07  9460.53  
 9377.52  9277.87  9164.40  9040.36  8912.99  8782.96  8652.13  8517.62  8384.23  8255.17  
 8141.25  8038.96  7941.53  7844.51  7744.90  7642.79  7542.16  7436.93  7330.77  7217.25  
 7100.95  6980.94  6856.37  6725.86  6590.97  6447.61  6292.93  6099.34  5876.74  5649.91  
 5425.77  5223.32  5040.69  4856.79  4670.04  4486.06  4296.10  4103.44  3904.85  3712.57  
 3515.74  3307.97  3069.23  2853.11  2662.66  2493.70  2326.09  2166.14  2009.50  1884.23  
 1758.96  1633.70  1508.43  1383.95  1290.83  1210.38  1138.03  1076.22  1023.05  976.84   
 933.70   890.83   859.17   829.81   802.54   776.34   752.11   724.30   700.21   677.00   
 654.98   632.80   609.65   583.20   561.41   538.29   515.29   488.86   462.74   434.33   
 407.58   384.20   362.19   340.97   322.01   302.85   284.04   265.48   248.74   232.64   
 215.80   200.32   184.83   169.35   153.89   139.67   127.28   114.12   101.36   90.04    
 81.20    72.75    64.64    57.09    50.10    43.64    37.74    31.08    24.43    17.77    
 11.12    4.75     3.86     3.08     2.26     1.56     1.56     1.60     1.65     1.71     
 1.76     1.82     1.88     1.94     1.99     2.05     2.11     2.19     2.27     2.37     
 2.48     2.59     2.70     2.81     2.93     3.06     3.18     3.32     3.45     3.60     
 3.75     3.91     4.06     4.23     4.39     4.56     4.73     4.90     5.08     5.26     
 5.45     5.64     5.84     6.04     6.25     6.46     6.67     6.88     7.11     7.34     
 7.55     7.78     8.00     8.22     8.45     8.67     8.89     9.11     9.35     9.57     
 9.81     10.05    10.27    10.51    10.74    10.95    11.18    11.39    11.61    11.82    
 12.03    12.24    12.44    12.65    12.85    13.05    13.25    13.45    13.63    13.81    
 14.01    14.20    14.39    14.58    14.76    14.95    15.13    15.33    15.50    15.70    
 15.89    16.08    16.26    16.43    16.61    16.78    16.95    17.11    17.28    17.43    
 17.59    17.74    17.88    18.04    18.20    18.33    18.46    18.60    18.76    18.88    
 19.01    19.15    19.28    19.41    19.52    19.65    19.77    19.88    20.00    20.11    
 20.22    20.33    20.45    20.56    20.68    20.79    20.91    21.03    21.14    21.24    
 21.36    21.46    21.56    21.67    21.77    21.88    21.99    22.09    22.18    22.28    
 22.38    22.49    22.58    22.68    22.81    22.92    23.04    23.16    23.27    23.40    
 23.52    23.62    23.73    23.84    23.94    24.06    24.18    24.30    24.41    24.56    
 24.71    24.85    25.00    25.16    25.32    25.47    25.64    25.81    25.96    26.14    
 26.29    26.43    26.59    26.75    26.89    27.06    27.20    27.34    27.49    27.64    
 25.85    
9752.40  9754.23  9756.17  9760.22  9764.03  9770.30  9776.25  9782.88  9790.39  9799.48  
 9808.96  9819.14  9829.36  9841.95  9852.05  9865.01  9877.85  9891.83  9904.66  9920.87  
 9935.41  9953.40  9970.80  9989.42  10007.83 10028.27 10048.75 10069.87 10091.46 10115.36 
 10137.55 10158.35 10182.26 10205.92 10229.27 10254.46 10278.15 10303.56 10329.09 10354.23 
 10380.54 10407.02 10433.70 10462.06 10489.02 10517.44 10545.61 10573.47 10603.15 10633.12 
 10663.03 10692.84 10724.08 10756.05 10788.23 10821.23 10854.96 10888.64 10922.40 10956.54 
 10989.19 11024.09 11059.78 11094.87 11130.53 11166.48 11204.05 11242.78 11278.45 11314.84 
 11351.81 11388.29 11424.73 11460.83 11495.54 11528.95 11563.60 11597.16 11630.84 11659.83 
 11689.16 11716.84 11744.01 11771.47 11799.22 11823.94 11850.59 11878.84 11905.92 11931.86 
 11957.07 11985.07 12008.30 12032.58 12053.90 12072.54 12090.26 12108.19 12123.61 12137.41 
 12153.05 12167.55 12180.70 12190.29 12198.92 12204.12 12204.62 12196.95 12188.13 12170.44 
 12148.36 12117.27 12023.56 11866.12 11693.75 11546.28 11456.56 11394.53 11327.75 11256.62 
 11172.08 11077.09 10947.85 10726.92 10448.25 10161.92 9946.04  9767.18  9584.02  9382.68  
 9167.92  8877.62  8514.33  8138.53  7808.89  7513.79  7208.29  6883.10  6462.00  5982.82  
 5563.69  5212.48  4866.65  4482.29  4004.30  3608.29  3276.44  2955.27  2562.79  2212.52  
 1946.91  1689.52  1420.73  1228.58  1068.21  917.74   808.66   727.62   648.40   569.18   
 489.96   410.74   361.52   321.07   284.62   253.23   226.00   202.48   181.46   163.04   
 146.26   130.96   117.26   103.71   91.08    79.59    68.77    58.00    47.22    36.45    
 25.68    15.98    11.70    9.41     8.37     7.35     6.34     5.32     4.31     4.65     
 5.01     5.40     5.82     6.26     6.71     7.20     7.71     8.22     8.78     9.34     
 9.93     10.54    11.16    11.80    12.47    13.13    13.83    14.55    15.30    16.06    
 16.81    17.57    18.32    19.00    19.66    20.26    20.84    21.40    21.97    22.50    
 23.02    23.50    23.97    24.39    24.79    25.20    25.57    25.94    26.28    26.62    
 26.95    27.26    27.56    27.83    28.09    28.33    28.58    28.81    29.01    29.21    
 29.41    29.61    29.79    29.96    30.14    30.34    30.55    30.77    30.98    31.20    
 31.44    31.66    31.87    32.08    32.30    32.51    32.71    32.91    33.08    33.23    
 33.37    33.48    33.56    33.63    33.67    33.69    33.69    33.66    33.60    33.52    
 33.40    33.27    33.11    32.93    32.73    32.51    32.27    32.03    31.77    31.49    
 31.20    30.89    30.57    30.27    29.94    29.61    29.30    28.99    28.70    28.40    
 28.11    27.82    27.50    27.20    26.89    26.57    26.26    25.95    25.63    25.32    
 25.02    24.73    24.42    24.12    23.83    23.54    23.25    22.96    22.72    22.49    
 22.26    22.04    21.80    21.57    21.35    21.13    20.91    20.70    20.48    20.27    
 20.06    19.85    19.65    19.45    19.27    19.13    19.02    18.97    18.96    18.93    
 18.90    18.91    18.95    18.99    19.05    19.15    19.33    19.56    19.81    20.08    
 20.39    20.75    21.16    21.57    21.95    22.32    22.76    23.20    23.62    24.02    
 24.36    24.63    24.88    25.07    25.19    25.31    25.47    25.62    25.75    25.89    
 25.85    
9617.55  9561.17  9502.44  9441.45  9380.78  9319.55  9257.01  9193.25  9127.67  9062.70  
 8997.62  8933.01  8866.88  8804.54  8738.12  8674.11  8610.37  8546.96  8484.85  8424.90  
 8363.16  8303.38  8241.73  8183.46  8125.07  8064.99  8008.16  7949.24  7891.22  7835.28  
 7779.97  7725.40  7673.15  7622.31  7572.31  7521.85  7472.12  7422.96  7373.56  7325.24  
 7275.83  7226.42  7174.90  7124.90  7074.67  7022.71  6971.11  6921.05  6866.70  6813.62  
 6759.34  6704.71  6648.21  6591.28  6534.46  6478.10  6421.09  6368.17  6313.64  6260.32  
 6206.50  6151.64  6091.58  6015.41  5927.30  5835.94  5743.10  5655.57  5575.91  5508.60  
 5447.83  5391.53  5333.50  5275.48  5215.93  5157.93  5096.59  5034.84  4972.37  4908.46  
 4843.52  4777.29  4709.52  4639.65  4568.52  4495.73  4420.85  4342.58  4264.61  4166.75  
 4049.10  3915.02  3811.21  3724.04  3643.57  3561.74  3479.85  3397.24  3314.10  3230.85  
 3147.94  3060.51  2975.64  2890.94  2779.39  2665.76  2575.93  2495.63  2414.45  2334.62  
 2257.81  2176.70  2100.81  2024.15  1945.19  1837.34  1754.86  1682.17  1614.69  1544.79  
 1481.44  1415.20  1351.64  1270.83  1205.92  1149.64  1096.11  1044.53  995.89   940.90   
 886.97   846.90   809.38   773.06   736.75   700.43   664.11   627.80   593.94   556.26   
 520.70   486.01   456.21   433.04   413.89   396.50   379.15   363.08   347.17   330.25   
 313.44   297.08   279.20   261.23   242.05   223.04   203.74   183.30   164.30   145.94   
 128.37   116.49   106.42   96.73    87.05    77.35    68.28    59.23    50.18    41.13    
 28.64    17.26    9.07     7.48     6.00     4.53     3.06     1.59     1.51     1.55     
 1.60     1.65     1.71     1.77     1.84     1.90     1.97     2.04     2.13     2.21     
 2.29     2.38     2.47     2.57     2.67     2.78     2.90     3.02     3.14     3.27     
 3.41     3.55     3.70     3.85     4.01     4.20     4.39     4.59     4.80     5.02     
 5.25     5.50     5.75     6.02     6.29     6.57     6.86     7.16     7.44     7.74     
 8.03     8.33     8.61     8.89     9.17     9.44     9.69     9.94     10.18    10.41    
 10.63    10.86    11.06    11.25    11.43    11.61    11.78    11.94    12.10    12.26    
 12.41    12.56    12.70    12.84    12.98    13.13    13.27    13.41    13.55    13.68    
 13.82    13.95    14.08    14.21    14.34    14.47    14.61    14.75    14.89    15.03    
 15.19    15.33    15.47    15.62    15.78    15.91    16.12    16.34    16.56    16.78    
 16.99    17.20    17.41    17.63    17.85    18.05    18.27    18.46    18.66    18.85    
 19.01    19.16    19.32    19.46    19.58    19.67    19.77    19.83    19.89    19.92    
 19.94    19.96    19.96    19.95    19.95    19.94    19.93    19.91    19.89    19.86    
 19.83    19.80    19.76    19.70    19.64    19.58    19.49    19.40    19.31    19.20    
 19.08    19.02    18.98    18.93    18.90    18.88    18.86    18.82    18.78    18.73    
 18.69    18.63    18.61    18.58    18.55    18.53    18.51    18.47    18.45    18.43    
 18.43    18.47    18.58    18.74    18.91    19.13    19.37    19.64    19.93    20.26    
 20.62    21.01    21.44    21.92    22.42    22.91    23.45    24.00    24.57    25.13    
 25.72    26.30    26.91    27.50    27.82    28.01    28.05    28.04    28.01    27.90    
 25.85    
9752.40  9752.11  9751.04  9750.56  9751.33  9753.91  9756.22  9757.40  9760.67  9763.24  
 9768.00  9774.72  9780.83  9787.04  9795.05  9802.74  9810.66  9821.29  9831.53  9842.31  
 9853.26  9863.08  9875.22  9887.26  9900.29  9914.26  9928.73  9942.79  9959.41  9977.38  
 9994.50  10013.30 10031.16 10051.29 10071.11 10092.14 10114.53 10137.13 10159.35 10182.26 
 10205.26 10230.59 10254.69 10280.23 10303.92 10330.81 10356.15 10382.79 10408.65 10435.45 
 10463.28 10491.99 10519.86 10548.64 10577.60 10607.65 10637.34 10670.70 10700.59 10729.35 
 10760.57 10793.84 10825.73 10858.97 10890.79 10921.53 10953.23 10986.58 11017.30 11050.31 
 11082.36 11112.95 11143.52 11175.28 11205.55 11235.23 11264.39 11291.77 11319.63 11347.18 
 11372.70 11398.20 11422.60 11445.17 11469.42 11490.44 11509.72 11528.11 11545.34 11560.65 
 11576.76 11591.29 11603.10 11616.33 11630.33 11642.55 11654.79 11666.33 11675.90 11681.35 
 11684.50 11679.33 11651.68 11550.99 11408.46 11259.21 11151.77 11117.93 11093.71 11061.53 
 11021.71 10974.85 10920.47 10829.28 10641.54 10410.61 10186.57 10042.22 9930.05  9801.05  
 9659.94  9483.61  9228.07  8897.35  8553.80  8280.66  8022.45  7747.99  7443.16  7005.06  
 6506.11  6124.53  5780.90  5425.51  4987.88  4475.19  4090.73  3751.44  3394.80  2918.69  
 2567.43  2299.16  2030.88  1762.61  1494.33  1230.04  1032.34  894.91   751.71   650.47   
 551.05   483.88   419.50   367.24   325.52   288.40   255.35   233.24   211.14   189.04   
 166.94   145.03   129.70   115.68   102.35   90.32    78.81    67.37    56.16    45.80    
 38.69    31.58    24.47    17.35    10.37    8.18     6.01     5.38     5.73     6.11     
 6.54     7.00     7.47     7.93     8.40     8.87     9.39     9.94     10.55    11.16    
 11.82    12.48    13.20    13.90    14.64    15.41    16.20    16.99    17.83    18.66    
 19.53    20.37    21.26    22.13    22.99    23.84    24.69    25.50    26.31    27.08    
 27.80    28.52    29.18    29.82    30.43    30.98    31.51    31.99    32.44    32.85    
 33.23    33.59    33.93    34.25    34.55    34.80    35.01    35.20    35.38    35.56    
 35.74    35.91    36.07    36.22    36.35    36.47    36.59    36.71    36.84    36.96    
 37.06    37.16    37.25    37.34    37.43    37.52    37.61    37.69    37.76    37.81    
 37.87    37.93    37.99    38.02    38.06    38.08    38.07    38.06    38.02    37.97    
 37.92    37.84    37.75    37.65    37.51    37.37    37.20    37.00    36.82    36.62    
 36.42    36.19    35.95    35.71    35.45    35.19    34.93    34.64    34.32    34.00    
 33.66    33.33    33.00    32.66    32.33    32.01    31.70    31.39    31.05    30.74    
 30.40    30.07    29.74    29.41    29.09    28.77    28.45    28.15    27.85    27.56    
 27.27    26.98    26.71    26.44    26.16    25.90    25.68    25.46    25.24    25.04    
 24.86    24.67    24.47    24.26    24.06    23.87    23.68    23.50    23.33    23.14    
 22.95    22.81    22.67    22.55    22.44    22.32    22.20    22.09    22.00    21.92    
 21.84    21.82    21.86    21.97    22.11    22.25    22.38    22.58    22.80    23.06    
 23.35    23.65    24.01    24.38    24.72    25.02    25.33    25.63    25.89    26.09    
 26.26    26.34    26.42    26.52    26.55    26.51    26.50    26.36    26.13    25.98    
 25.85    
